249 154
22 129
222 19
190 145
211 86
188 32
54 63
10 90
102 221
106 93
42 208
181 60
88 83
58 228
132 280
237 219
60 54
17 276
268 173
118 60
26 219
115 37
235 71
60 244
75 55
180 86
209 11
177 196
99 235
15 71
226 39
200 270
232 253
182 52
174 34
82 67
281 158
28 60
247 247
28 18
165 271
130 127
61 156
225 210
147 90
117 82
55 32
273 159
254 152
111 139
187 50
290 239
46 51
122 171
137 271
162 240
235 289
86 93
225 10
14 55
208 248
218 252
196 290
242 149
39 266
145 53
269 248
284 111
75 76
155 77
89 286
189 147
104 244
202 192
190 204
239 192
135 189
211 237
249 196
93 105
239 184
176 266
52 53
92 34
45 211
47 113
171 81
99 176
173 100
112 113
44 216
271 256
242 38
186 163
263 93
248 184
132 234
258 225
232 119
11 136
420 430
378 476
403 353
422 395
421 481
300 477
320 414
423 488
415 339
422 479
333 389
470 387
457 418
367 350
348 376
429 411
382 371
312 424
361 340
414 489
369 375
417 422
465 401
350 462
347 447
463 450
478 387
432 433
427 311
339 387
435 300
332 458
415 475
378 397
376 432
365 393
304 398
421 490
397 426
487 329
347 473
456 446
374 347
480 370
441 412
465 463
371 386
435 481
423 464
306 303
307 448
383 425
410 373
335 461
474 484
344 392
315 358
338 410
453 307
424 310
304 410
359 407
391 414
300 404
366 490
450 421
443 330
384 317
423 454
354 382
309 337
472 317
373 382
329 358
353 410
360 316
483 347
320 331
372 469
341 490
393 434
489 471
368 484
445 311
339 341
400 436
380 383
415 390
323 300
423 477
440 429
376 391
484 456
436 357
393 304
431 338
326 365
405 467
323 457
427 396