336 148
255 87
426 304
396 283
268 423
345 367
310 431
407 246
432 190
257 362
367 230
313 398
296 368
287 347
292 358
364 300
276 365
378 291
354 164
362 111
387 172
397 192
307 343
410 332
406 186
358 256
305 83
355 169
338 174
351 334
368 395
396 279
264 67
320 157
323 389
266 85
328 185
366 120
383 184
413 270
346 221
262 107
301 381
302 413
425 310
366 352
313 128
398 301
261 95
290 405
443 232
344 354
408 318
363 136
431 191
311 161
361 110
404 249
359 353
329 401
376 144
371 236
321 69
256 437
425 241
330 316
441 277
337 98
354 128
344 333
289 376
364 361
372 145
254 359
411 154
255 79
394 220
300 343
260 440
378 255
323 124
302 396
267 144
288 415
389 375
261 112
423 337
264 403
425 209
331 152
423 269
350 300
281 81
361 258
430 289
331 337
280 55
363 332
369 170
325 390
420 230
390 207
362 360
292 433
331 345
277 72
288 109
377 257
406 339
376 271
362 348
256 111
300 368
340 105
288 404
434 197
371 341
356 249
294 440
298 149
431 226
253 86
380 318
311 61
269 87
356 242
300 96
396 280
369 400
338 162
411 176
438 202
259 392
424 177
378 253
261 104
289 134
298 77
345 211
275 66
347 199
365 148
358 413
395 280
329 167
346 205
293 401
426 239
381 374
309 407
299 400
439 243
362 93
358 312
270 53
270 410
432 323
403 134
276 98
377 130
375 257
304 70
380 261
382 339
372 286
446 233
369 238
349 321
378 241
317 152
394 194
433 311
287 427
426 160
403 159
387 285
390 159
401 370
373 230
343 424
305 386
430 232
388 332
319 161
361 383
297 362
409 351
294 342
363 216
356 318
277 362
333 182
408 168
414 154
309 406
322 343
400 217
418 329
354 187
306 412
240 249
255 258
244 258
260 253
260 251
260 241
251 254
250 240
245 250
254 258